      87         189         329         529         797        1093        1697        2209
    2917        3953        4565        5509        6785        8233        9517       11137
   13133       14225       16201       18317       20297       23737       26677       28925
   31669       33737       35473       40565       45397       48953       54481       58957
   64049       67069       73721       77573       82793       88873       93037       99529
  106133      109201      115277      121765      133457      141281      148937      156913
  163397      168109      175849      186653      193801      205045      212377      219877
  228593      233045      243229      259625      271645      281153      293329      307397
  321733      335129      352445      360673      374597      386077      399145      412385
  425765      437897      453337      465877      480197      501253      514421      531121
  549653      558313      575597      586217      604057      618517      629405      642229
  660977      681913      697297      720497      740161      754169      780529      798997
  826333      864377      884069      920993      941053      961177      977077     1002401
 1023413     1044553     1065757     1082497     1104221     1118873     1133525     1158325
 1190969     1208753     1231501     1257185     1275433     1291117     1317577     1346861
 1363085     1398253     1428577     1461953     1498525     1538309     1569937     1601825
 1628165     1654817     1684657     1705721     1735997     1763461     1797557     1847485
 1888793     1933165     1968589     2007473     2020621     2046857     2070145     2117117
 2150977     2177957     2211973     2250065     2284897     2302373     2337349     2387345
 2434033     2463065     2532073     2572769     2609869     2647205     2684869     2730673
 2776645     2807513     2857849     2893165     2932585     2980361     3028325     3060557
 3100909     3133609     3170453     3191113     3244949     3274169     3311941     3358193
 3379453     3452177     3503957     3529865     3581809     3612485     3643333     3683185
 3727645     3767885     3849377     3917597     3958921     4050917     4097737     4158641
 4205821     4262785     4325125     4378109     4421645     4479973     4509337     4543717
 4603073     4662917     4748477     4829089     4869565     4940897     4966609     4997557
 5038913     5059685     5090869     5143217     5185225     5216857     5355653     5468705
 5517469     5647345     5735797     5830373     5920169     6021277     6066497     6123313
 6163397     6209437     6255577     6290225     6336601     6400829     6471329     6524273
 6577261     6624617     6648433     6690197     6750229     6834697     6913513     7010977
 7102841     7158257     7226237     7288477     7338457     7394897     7457761     7527497
 7610017     7654733     7724941     7757065     7808597     7840909     7879777     7951301
 8056313     8161621     8227541     8313425     8420713     8528285     8555357     8676925
 8765729     8820589     8896141     8999657     9055285     9131789     9201665     9307325
 9413345     9470093     9555185     9626785     9720269     9807173     9923113

Listados 279 valores
